1619126553.657881
1619126553.658065
1619126553.65809
1619126553.658107
1619126553.658123
1619126553.65814
1619126553.658155
1619126553.658171
1619126553.658187
1619126553.658203
1619126553.658219
1619126553.658235
1619126553.65825
1619126553.658266
1619126553.658282
1619126553.658298
1619126553.658313
1619126553.658329
1619126553.658345
1619126553.658361
1619126553.658377
1619126553.658393
1619126553.658408
1619126553.658424
1619126553.658439
1619126553.658456
1619126553.658472
1619126553.658488
1619126553.658503
1619126553.658519
1619126553.658535
1619126553.658551
1619126553.658567
1619126553.658583
1619126553.658598
1619126553.658614
1619126553.65863
1619126553.658646
1619126553.658662
1619126553.658677
1619126553.658694
1619126553.658709
1619126553.658725
1619126553.658741
1619126553.658756
1619126553.658771
1619126553.658787
1619126553.658804
1619126553.658819
1619126553.658835
1619126553.658851
1619126553.658867
1619126553.658883
1619126553.658899
1619126553.658914
1619126553.65893
1619126553.658946
1619126553.658962
1619126553.658978
1619126553.658994
1619126553.65901
1619126553.659026
1619126553.659041
1619126553.659057
1619126553.659073
1619126553.659089
1619126553.659105
1619126553.659121
1619126553.659137
1619126553.659153
1619126553.659169
1619126553.659184
1619126553.6592
1619126553.659216
1619126553.659232
1619126553.659249
1619126553.659264
1619126553.65928
1619126553.659296
1619126553.659312
1619126553.659327
1619126553.659343
1619126553.659359
1619126553.659375
1619126553.65939
1619126553.659406
1619126553.659422
1619126553.659438
1619126553.659454
1619126553.65947
1619126553.659486
1619126553.659502
1619126553.659518
1619126553.659534
1619126553.65955
1619126553.659566
1619126553.659581
1619126553.659597
1619126553.659613
1619126553.659629
1619126553.659644
1619126553.659661
1619126553.659676
1619126553.659692
1619126553.659708
1619126553.659724
1619126553.65974
1619126553.659756
1619126553.659772
1619126553.659788
1619126553.659804
1619126553.65982
1619126553.659835
1619126553.659851
1619126553.659867
1619126553.659883
1619126553.659898
1619126553.659914
1619126553.65993
1619126553.659946
1619126553.659962
1619126553.659978
1619126553.659995
1619126553.660011
1619126553.660027
1619126553.660043
1619126553.660059
1619126553.660075
1619126553.660091
1619126553.660107
1619126553.660123
1619126553.660139
1619126553.660155
1619126553.660171
1619126553.660186
1619126553.660202
1619126553.660218
1619126553.660233
1619126553.660249
1619126553.660265
1619126553.660281
1619126553.660298
1619126553.660313
1619126553.660329
1619126553.660345
1619126553.660361
1619126553.660377
1619126553.660393
1619126553.660409
1619126553.660425
1619126553.660441
1619126553.660457
1619126553.660472
1619126553.660488
1619126553.660504
1619126553.66052
1619126553.660536
1619126553.660553
1619126553.660568
1619126553.660584
1619126553.6606
1619126553.660617
1619126553.660633
1619126553.660649
1619126553.660664
1619126553.66068
1619126553.660696
1619126553.660712
1619126553.660727
1619126553.660743
1619126553.660759
1619126553.660774
1619126553.660791
1619126553.660807
1619126553.660822
1619126553.660838
1619126553.660854
1619126553.66087
1619126553.660886
1619126553.660902
1619126553.660917
1619126553.660933
1619126553.66095
1619126553.660965
1619126553.660981
1619126553.660997
1619126553.661193
1619126553.661211
1619126553.661228
1619126553.661244
1619126553.66126
1619126553.661276
1619126553.661293
1619126553.661309
1619126553.661325
1619126553.66134
1619126553.661356
1619126553.661372
1619126553.661388
1619126553.661404
1619126553.66142
1619126553.661436
1619126553.661452
1619126553.661468
1619126553.661484
1619126553.6615
1619126553.661516
1619126553.661532
1619126553.661548
1619126553.661563
1619126553.661579
1619126553.661595
1619126553.661611
1619126553.661626
1619126553.661642
1619126553.661658
1619126553.661674
1619126553.66169
1619126553.661706
1619126553.661722
1619126553.661738
1619126553.661754
1619126553.66177
1619126553.661786
1619126553.661801
1619126553.661817
1619126553.661833
1619126553.661849
1619126553.661865
1619126553.661881
1619126553.661897
1619126553.661912
1619126553.661928
1619126553.661944
1619126553.661961
1619126553.661977
1619126553.661993
1619126553.662009
1619126553.662025
1619126553.662042
1619126553.662058
1619126553.662104
1619126553.662136
1619126553.662164
1619126553.662191
1619126553.662218
1619126553.662245
1619126553.662273
1619126553.6623
1619126553.662327
1619126553.662355
1619126553.662382
1619126553.66241
1619126553.662437
1619126553.662464
1619126553.662492
1619126553.662518
1619126553.662544
1619126553.66257
1619126553.662597
1619126553.662621
1619126553.662646
1619126553.662663
1619126553.662679
1619126553.662695
1619126553.662711
1619126553.662727
1619126553.662743
1619126553.662759
1619126553.662775
1619126553.66279
1619126553.662806
1619126553.662822
1619126553.662838
1619126553.662854
1619126553.66287
1619126553.662886
1619126553.662902
1619126553.662918
1619126553.662934
1619126553.662949
1619126553.662965
1619126553.662982
1619126553.662997
1619126553.663014
1619126553.66303
1619126553.663046
1619126553.663062
1619126553.663078
1619126553.663094
1619126553.663115
1619126553.663134
1619126553.663158
1619126553.663184
1619126553.663205
1619126553.663227
1619126553.663249
1619126553.663272
1619126553.663295
1619126553.663319
1619126553.663345
1619126553.663369
1619126553.663393
1619126553.663418
1619126553.663442
1619126553.663467
1619126553.663491
1619126553.663542
1619126553.663572
1619126553.663599
1619126553.663627
1619126553.663654
1619126553.663676
1619126553.663693
1619126553.663709
1619126553.663725
1619126553.663741
1619126553.663757
1619126553.663772
1619126553.663788
1619126553.663804
1619126553.66382
1619126553.663835
1619126553.663851
1619126553.663867
1619126553.663884
1619126553.663899
1619126553.663915
1619126553.663931
1619126553.663947
1619126553.663963
1619126553.663979
1619126553.663995
1619126553.66401
1619126553.664026
1619126553.664042
1619126553.664058
1619126553.664074
1619126553.66409
1619126553.664105
1619126553.664122
1619126553.664137
1619126553.664154
1619126553.664169
1619126553.664185
1619126553.664201
1619126553.664217
1619126553.664232
1619126553.664248
1619126553.664264
1619126553.66428
1619126553.664296
1619126553.664312
1619126553.664328
1619126553.664344
1619126553.664359
1619126553.664375
1619126553.664391
1619126553.664407
1619126553.664423
1619126553.664439
1619126553.664455
1619126553.664471
1619126553.664486
1619126553.664503
1619126553.664519
1619126553.664535
1619126553.664551
1619126553.664566
1619126553.664582
1619126553.664598
1619126553.664659
1619126553.664676
1619126553.664692
1619126553.664708
1619126553.664765
1619126553.664798
1619126553.664825
1619126553.664853
1619126553.66488
1619126553.664906
1619126553.664934
1619126553.664961
1619126553.664988
1619126553.665015
1619126553.665042
1619126553.665069
1619126553.665097
1619126553.665124
1619126553.665152
1619126553.665179
1619126553.665206
1619126553.665233
1619126553.665261
1619126553.665289
1619126553.665316
1619126553.665343
1619126553.665403
1619126553.665451
1619126553.665473
1619126553.665491
1619126553.665508
1619126553.665525
1619126553.665542
1619126553.665558
1619126553.66558
1619126553.665606
1619126553.665634
1619126553.665661
1619126553.665687
1619126553.665712
1619126553.665739
1619126553.665766
1619126553.665818
1619126553.665868
1619126553.665923
1619126553.665972
1619126553.665999
1619126553.666025
1619126553.66607
1619126553.6661
1619126553.666127
1619126553.666152
1619126553.666169
1619126553.666186
1619126553.666202
1619126553.666222
1619126553.666241
1619126553.666257
1619126553.666272
1619126553.666288
1619126553.666304
1619126553.66632
1619126553.666336
1619126553.666352
1619126553.666368
1619126553.666384
1619126553.666399
1619126553.666416
1619126553.666432
1619126553.666447
1619126553.666464
1619126553.666486
1619126553.666504
1619126553.66652
1619126553.666536
1619126553.666552
1619126553.666568
1619126553.666584
1619126553.6666
1619126553.666615
1619126553.666631
1619126553.666647
1619126553.666663
1619126553.666679
1619126553.666695
1619126553.666711
1619126553.666727
1619126553.666751
1619126553.666767
1619126553.666783
1619126553.666799
1619126553.666815
1619126553.66683
1619126553.666846
1619126553.666862
1619126553.666878
1619126553.666894
1619126553.666911
1619126553.666949
1619126553.666974
1619126553.667022
1619126553.667051
1619126553.667069
1619126553.667086
1619126553.667102
1619126553.667118
1619126553.667134
1619126553.66715
1619126553.667166
1619126553.667182
1619126553.667197
1619126553.667213
1619126553.667228
1619126553.667245
1619126553.667284
1619126553.667302
1619126553.667318
1619126553.667334
1619126553.667349
1619126553.667365
1619126553.667381
1619126553.667397
1619126553.667413
1619126553.667429
1619126553.667445
1619126553.66746
1619126553.667476
1619126553.667492
1619126553.667507
1619126553.667548
1619126553.667565
1619126553.667581
1619126553.667597
1619126553.667613
1619126553.667629
1619126553.667644
1619126553.66766
1619126553.667676
1619126553.667693
1619126553.667708
1619126553.667724
1619126553.667741
1619126553.667757
1619126553.667815
1619126553.667862
1619126553.667882
1619126553.667898
1619126553.667914
1619126553.66793
1619126553.667946
1619126553.667962
1619126553.667978
1619126553.667994
1619126553.66801
1619126553.668025
1619126553.668041
1619126553.668057
1619126553.668073
1619126553.668089
1619126553.668105
1619126553.668121
1619126553.668136
1619126553.668152
1619126553.668168
1619126553.668183
1619126553.668199
1619126553.668214
1619126553.66823
1619126553.668246
1619126553.668262
1619126553.668278
1619126553.668294
1619126553.66831
1619126553.668326
1619126553.668341
1619126553.668357
1619126553.668373
1619126553.668388
1619126553.668404
1619126553.668419
1619126553.668435
1619126553.668451
1619126553.668467
1619126553.668483
1619126553.668498
1619126553.668562
1619126553.668579
1619126553.668595
1619126553.668613
1619126553.668629
1619126553.668645
1619126553.668661
1619126553.668677
1619126553.668692
1619126553.668708
1619126553.668724
1619126553.66874
1619126553.668757
1619126553.668772
1619126553.668811
1619126553.66883
1619126553.668846
1619126553.668862
1619126553.668878
1619126553.668893
1619126553.668909
1619126553.668926
1619126553.668941
1619126553.668957
1619126553.668973
1619126553.668989
1619126553.669005
1619126553.669021
1619126553.669036
1619126553.669052
1619126553.669068
1619126553.669084
1619126553.6691
1619126553.669115
1619126553.669131
1619126553.669147
1619126553.669163
1619126553.669179
1619126553.669197
1619126553.669222
1619126553.669241
1619126553.669257
1619126553.669273
1619126553.66929
1619126553.669306
1619126553.669322
1619126553.669344
1619126553.669367
1619126553.669384
1619126553.669401
1619126553.669417
1619126553.669441
1619126553.669469
1619126553.669496
1619126553.669521
1619126553.669546
1619126553.669571
1619126553.669594
1619126553.669612
1619126553.669632
1619126553.669648
1619126553.669676
1619126553.6697
1619126553.669716
1619126553.669738
1619126553.669755
1619126553.669771
1619126553.669787
1619126553.669803
1619126553.669819
1619126553.669835
1619126553.669851
1619126553.669867
1619126553.669883
1619126553.669899
1619126553.669914
1619126553.66993
1619126553.669946
1619126553.669962
1619126553.669977
1619126553.669994
1619126553.670009
1619126553.670025
1619126553.670041
1619126553.670058
1619126553.670073
1619126553.670089
1619126553.670105
1619126553.670121
1619126553.670137
1619126553.670153
1619126553.670169
1619126553.670185
1619126553.670201
1619126553.670217
1619126553.670233
1619126553.670249
1619126553.670265
1619126553.670281
1619126553.670297
1619126553.670314
1619126553.670329
1619126553.670345
1619126553.670382
1619126553.670408
1619126553.67043
1619126553.670467
1619126553.670494
1619126553.670511
1619126553.670527
1619126553.670544
1619126553.67056
1619126553.670576
1619126553.670592
1619126553.670608
1619126553.670623
1619126553.670639
1619126553.670655
1619126553.67067
1619126553.670685
1619126553.670701
1619126553.670717
1619126553.670732
1619126553.670748
1619126553.670764
1619126553.67078
1619126553.670796
1619126553.670812
1619126553.670828
1619126553.670844
1619126553.67086
1619126553.670875
1619126553.670891
1619126553.670907
1619126553.670923
1619126553.670939
1619126553.670955
1619126553.670971
1619126553.670987
1619126553.671003
1619126553.67102
1619126553.671035
1619126553.671051
1619126553.671067
1619126553.671083
1619126553.6711
1619126553.671116
1619126553.671132
1619126553.671148
1619126553.671163
1619126553.67118
1619126553.671195
1619126553.671211
1619126553.671227
1619126553.671243
1619126553.671259
1619126553.671276
1619126553.671291
1619126553.671308
1619126553.671324
1619126553.67134
1619126553.671356
1619126553.671372
1619126553.671388
1619126553.671403
1619126553.671419
1619126553.671436
1619126553.671452
1619126553.671468
1619126553.671483
1619126553.6715
1619126553.671516
1619126553.671531
1619126553.671547
1619126553.671563
1619126553.671579
1619126553.671595
1619126553.671611
1619126553.671627
1619126553.671643
1619126553.671659
1619126553.671675
1619126553.671691
1619126553.671707
1619126553.671723
1619126553.67178
1619126553.671796
1619126553.671812
1619126553.671828
1619126553.671844
1619126553.671861
1619126553.671877
1619126553.671893
1619126553.671908
1619126553.671925
1619126553.67194
1619126553.671956
1619126553.671972
1619126553.671988
1619126553.672003
1619126553.672019
1619126553.672036
1619126553.672052
1619126553.672068
1619126553.672084
1619126553.672101
1619126553.672138
1619126553.672163
1619126553.672206
1619126553.672235
1619126553.672257
1619126553.672277
1619126553.672294
1619126553.672309
1619126553.672325
1619126553.672341
1619126553.672358
1619126553.672374
1619126553.67239
1619126553.672406
1619126553.672422
1619126553.672438
1619126553.672454
1619126553.672469
1619126553.672485
1619126553.672501
1619126553.672517
1619126553.672533
1619126553.672548
1619126553.672564
1619126553.67258
1619126553.672595
1619126553.672611
1619126553.672627
1619126553.672643
1619126553.672659
1619126553.672674
1619126553.672691
1619126553.672706
1619126553.672722
1619126553.672738
1619126553.672754
1619126553.672769
1619126553.672786
1619126553.672802
1619126553.672818
1619126553.672833
1619126553.672849
1619126553.672865
1619126553.672881
1619126553.672897
1619126553.672913
1619126553.672929
1619126553.672945
1619126553.672961
1619126553.672977
1619126553.672993
1619126553.673009
1619126553.673025
1619126553.673041
1619126553.673057
1619126553.673073
1619126553.673089
1619126553.673105
1619126553.673121
1619126553.673137
1619126553.673187
1619126553.673262
1619126553.673303
1619126553.673331
1619126553.673358
1619126553.673386
1619126553.673414
1619126553.67344
1619126553.673458
1619126553.673474
1619126553.67349
1619126553.673506
1619126553.673522
1619126553.673538
1619126553.673554
1619126553.67357
1619126553.673586
1619126553.673601
1619126553.673618
1619126553.673634
1619126553.673649
1619126553.673665
1619126553.673681
1619126553.673697
1619126553.673713
1619126553.673729
1619126553.673745
1619126553.673761
1619126553.673777
1619126553.673793
1619126553.673809
1619126553.673825
1619126553.67384
1619126553.673856
1619126553.673871
1619126553.673888
1619126553.673904
1619126553.67392
1619126553.673936
1619126553.673952
1619126553.673968
1619126553.673984
1619126553.674
1619126553.674016
1619126553.674032
1619126553.674048
1619126553.674064
1619126553.67408
1619126553.674096
1619126553.674112
1619126553.674127
1619126553.674143
1619126553.674159
1619126553.674175
1619126553.674191
1619126553.674207
1619126553.674223
1619126553.674239
1619126553.674254
1619126553.67427
1619126553.674286
1619126553.674301
1619126553.674318
1619126553.674334
1619126553.674349
1619126553.674365
1619126553.674381
1619126553.674397
1619126553.674413
1619126553.674429
1619126553.674445
1619126553.674461
1619126553.674477
1619126553.674493
1619126553.674508
1619126553.674524
1619126553.67454
1619126553.674556
1619126553.674572
1619126553.674587
1619126553.674604
1619126553.67462
1619126553.674636
1619126553.674652
1619126553.674668
1619126553.674684
1619126553.6747
1619126553.674716
1619126553.674732
1619126553.674748
1619126553.674764
1619126553.67478
1619126553.674796
1619126553.674813
1619126553.674829
1619126553.674849
1619126553.674886
1619126553.674907
1619126553.674923
1619126553.674939
1619126553.674956
1619126553.674972
1619126553.674988
1619126553.675004
1619126553.675063
1619126553.675081
1619126553.675096
1619126553.675112
1619126553.675128
1619126553.675144
1619126553.67516
1619126553.675176
1619126553.675192
1619126553.675208
1619126553.675224
1619126553.67524
1619126553.675256
1619126553.675272
1619126553.675288
1619126553.675304
1619126553.675319
1619126553.675335
1619126553.675351
1619126553.675367
1619126553.675383
1619126553.675399
1619126553.675415
1619126553.675431
1619126553.675447
1619126553.675466
1619126553.675492
1619126553.675516
1619126553.675538
1619126553.67556
1619126553.675583
1619126553.675605
1619126553.675628
1619126553.67565
1619126553.675673
1619126553.675694
1619126553.675716
1619126553.675738
1619126553.67576
1619126553.675783
1619126553.675805
1619126553.675828
1619126553.675848
1619126553.675864
1619126553.675879
1619126553.675895
1619126553.675911
1619126553.675927
1619126553.675942
1619126553.675958
1619126553.675974
1619126553.67599
1619126553.676006
1619126553.676021
1619126553.676037
1619126553.676054
1619126553.676069
1619126553.676085
1619126553.676101
1619126553.676117
1619126553.676132
1619126553.676148
1619126553.676163
1619126553.676179
1619126553.676195
1619126553.676211
1619126553.676226
1619126553.676242
1619126553.676258
1619126553.676274
1619126553.67629
1619126553.676306
1619126553.676322
1619126553.676337
1619126554.164919
1619126554.165036
1619126554.165055
1619126554.165072
1619126554.165088
1619126554.165104
1619126554.16512
1619126554.165136
1619126554.165151
1619126554.165167
1619126554.165184
1619126554.165199
1619126554.165216
1619126554.165232
1619126554.165248
1619126554.165264
1619126554.16528
1619126554.165296
1619126554.165312
1619126554.165328
1619126554.165344
1619126554.16536
1619126554.165376
1619126554.165391
1619126554.165407
1619126554.165424
1619126554.165439
1619126554.165455
1619126554.165471
1619126554.165487
1619126554.165503
1619126554.165519
1619126554.165535
1619126554.16555
1619126554.165566
1619126554.165582
1619126554.165598
1619126554.165614
1619126554.16563
1619126554.165646
1619126554.165661
1619126554.165677
1619126554.165693
1619126554.165709
1619126554.165725
1619126554.165742
1619126554.165758
1619126554.165774
1619126554.16579
1619126554.165806
1619126554.165825
1619126554.165841
1619126554.165857
1619126554.165873
1619126554.165889
1619126554.165905
1619126554.165921
1619126554.165937
1619126554.165953
1619126554.165969
1619126554.165985
1619126554.166001
1619126554.166017
1619126554.166033
1619126554.166048
1619126554.166064
1619126554.16608
1619126554.166096
1619126554.166112
1619126554.166128
1619126554.166143
1619126554.16616
1619126554.166175
1619126554.166191
1619126554.166207
1619126554.166223
1619126554.166239
1619126554.166255
1619126554.166271
1619126554.166287
1619126554.166303
1619126554.166318
1619126554.166334
1619126554.16635
1619126554.166366
1619126554.166383
1619126554.166399
1619126554.166415
1619126554.16643
1619126554.166446
1619126554.166462
1619126554.166478
1619126554.166494
1619126554.16651
1619126554.166525
1619126554.166542
1619126554.166558
1619126554.166574
1619126554.16659
1619126554.166606
1619126554.166622
1619126554.166638
1619126554.166654
1619126554.16667
1619126554.166686
1619126554.166702
1619126554.166718
1619126554.166736
1619126554.166752
1619126554.166768
1619126554.166784
1619126554.166857
1619126554.166874
1619126554.16689
1619126554.166906
1619126554.166921
1619126554.166938
1619126554.166954
1619126554.16697
1619126554.166986
1619126554.167001
1619126554.167017
1619126554.167033
1619126554.167049
1619126554.167065
1619126554.167081
1619126554.167097
1619126554.167113
1619126554.167128
1619126554.167144
1619126554.16716
1619126554.167176
1619126554.167192
1619126554.167209
1619126554.167224
1619126554.16724
1619126554.167256
1619126554.167272
1619126554.167288
1619126554.167304
1619126554.16732
1619126554.167336
1619126554.167352
1619126554.167368
1619126554.167384
1619126554.1674
1619126554.167416
1619126554.167432
1619126554.167448
1619126554.167464
1619126554.16748
1619126554.167496
1619126554.167512
1619126554.167528
1619126554.167544
1619126554.16756
1619126554.167576
1619126554.167592
1619126554.167608
1619126554.167624
1619126554.16764
1619126554.167656
1619126554.167672
1619126554.167688
1619126554.167707
1619126554.167723
1619126554.167739
1619126554.167755
1619126554.167771
1619126554.167787
1619126554.167803
1619126554.167818
1619126554.167834
1619126554.16785
1619126554.167866
1619126554.167882
1619126554.167898
1619126554.167914
1619126554.16793
1619126554.167945
1619126554.167962
1619126554.167978
1619126554.167994
1619126554.16801
1619126554.168025
1619126554.168041
1619126554.168057
1619126554.168073
1619126554.168125
1619126554.168179
1619126554.168217
1619126554.168246
1619126554.168264
1619126554.16828
1619126554.168297
1619126554.168313
1619126554.168343
1619126554.168363
1619126554.168379
1619126554.168395
1619126554.16841
1619126554.168426
1619126554.168442
1619126554.168458
1619126554.168474
1619126554.16849
1619126554.168506
1619126554.168522
1619126554.168538
1619126554.168554
1619126554.168569
1619126554.168585
1619126554.168601
1619126554.168616
1619126554.168635
1619126554.168682
1619126554.168707
1619126554.168724
1619126554.168741
1619126554.168757
1619126554.168777
1619126554.168793
1619126554.168822
1619126554.168849
1619126554.168866
1619126554.168882
1619126554.168898
1619126554.168914
1619126554.16893
1619126554.168946
1619126554.168962
1619126554.168978
1619126554.168994
1619126554.16901
1619126554.169026
1619126554.169041
1619126554.169057
1619126554.169073
1619126554.169089
1619126554.169105
1619126554.169121
1619126554.169138
1619126554.169161
1619126554.169184
1619126554.1692
1619126554.169216
1619126554.169232
1619126554.169248
1619126554.169264
1619126554.16928
1619126554.1693
1619126554.169317
1619126554.169333
1619126554.169349
1619126554.169364
1619126554.16938
1619126554.169401
1619126554.169422
1619126554.169439
1619126554.169455
1619126554.169474
1619126554.169494
1619126554.169511
1619126554.169527
1619126554.169547
1619126554.169564
1619126554.16958
1619126554.1696
1619126554.169627
1619126554.169711
1619126554.169754
1619126554.169787
1619126554.169813
1619126554.169834
1619126554.16985
1619126554.169866
1619126554.169881
1619126554.169903
1619126554.169919
1619126554.169935
1619126554.169951
1619126554.169967
1619126554.169983
1619126554.169999
1619126554.170015
1619126554.170031
1619126554.170047
1619126554.170063
1619126554.170079
1619126554.170095
1619126554.170111
1619126554.170127
1619126554.170142
1619126554.170159
1619126554.170175
1619126554.170191
1619126554.170278
1619126554.170332
1619126554.170356
1619126554.170377
1619126554.170399
1619126554.170416
1619126554.170433
1619126554.170453
1619126554.170501
1619126554.170528
1619126554.170558
1619126554.170578
1619126554.170594
1619126554.170632
1619126554.170651
1619126554.170667
1619126554.170683
1619126554.170699
1619126554.170715
1619126554.170731
1619126554.170747
1619126554.170763
1619126554.170779
1619126554.170795
1619126554.17081
1619126554.170826
1619126554.170842
1619126554.170858
1619126554.170874
1619126554.17089
1619126554.170907
1619126554.170923
1619126554.170939
1619126554.170955
1619126554.17097
1619126554.170986
1619126554.171002
1619126554.171018
1619126554.171038
1619126554.171053
1619126554.171069
1619126554.171084
1619126554.171101
1619126554.171116
1619126554.171132
1619126554.171148
1619126554.171163
1619126554.171179
1619126554.171195
1619126554.171211
1619126554.171227
1619126554.171243
1619126554.171259
1619126554.171275
1619126554.171291
1619126554.171307
1619126554.171324
1619126554.17134
1619126554.171356
1619126554.171371
1619126554.171387
1619126554.171403
1619126554.171419
1619126554.171435
1619126554.171451
1619126554.171467
1619126554.171483
1619126554.171499
1619126554.171514
1619126554.17153
1619126554.171546
1619126554.171562
1619126554.171577
1619126554.171593
1619126554.171609
1619126554.171624
1619126554.171639
1619126554.171656
1619126554.171671
1619126554.171687
1619126554.171703
1619126554.171719
1619126554.171734
1619126554.17175
1619126554.171766
1619126554.171782
1619126554.171797
1619126554.171813
1619126554.171829
1619126554.171845
1619126554.171861
1619126554.171876
1619126554.171892
1619126554.171908
1619126554.171924
1619126554.171943
1619126554.171958
1619126554.171974
1619126554.171989
1619126554.172005
1619126554.172021
1619126554.172037
1619126554.172053
1619126554.172069
1619126554.172085
1619126554.1721
1619126554.172115
1619126554.172131
1619126554.172147
1619126554.172163
1619126554.17218
1619126554.172195
1619126554.172211
1619126554.172227
1619126554.172243
1619126554.172258
1619126554.172275
1619126554.172291
1619126554.172306
1619126554.172322
1619126554.172338
1619126554.172354
1619126554.172369
1619126554.172385
1619126554.172401
1619126554.172416
1619126554.172432
1619126554.172448
1619126554.172464
1619126554.17248
1619126554.172495
1619126554.172511
1619126554.172527
1619126554.172543
1619126554.172559
1619126554.172575
1619126554.172591
1619126554.172606
1619126554.172622
1619126554.172638
1619126554.172654
1619126554.17267
1619126554.172686
1619126554.172702
1619126554.172718
1619126554.172734
1619126554.17275
1619126554.172766
1619126554.172782
1619126554.172797
1619126554.172814
1619126554.172831
1619126554.172848
1619126554.172863
1619126554.172879
1619126554.172895
1619126554.172911
1619126554.172927
1619126554.172943
1619126554.172958
1619126554.172974
1619126554.17299
1619126554.173006
1619126554.173022
1619126554.173038
1619126554.173054
1619126554.17307
1619126554.173086
1619126554.173101
1619126554.173117
1619126554.173132
1619126554.173148
1619126554.173164
1619126554.17318
1619126554.173198
1619126554.173219
1619126554.173237
1619126554.173253
1619126554.173268
1619126554.173284
1619126554.173301
1619126554.173316
1619126554.173337
1619126554.173359
1619126554.173392
1619126554.173475
1619126554.173495
1619126554.173512
1619126554.173528
1619126554.173545
1619126554.173561
1619126554.173576
1619126554.173592
1619126554.173609
1619126554.173625
1619126554.173641
1619126554.173657
1619126554.173673
1619126554.173689
1619126554.173705
1619126554.173721
1619126554.173737
1619126554.173753
1619126554.173769
1619126554.173785
1619126554.173801
1619126554.173817
1619126554.173833
1619126554.173852
1619126554.173868
1619126554.173885
1619126554.173901
1619126554.173917
1619126554.173933
1619126554.173949
1619126554.173965
1619126554.173981
1619126554.173996
1619126554.174012
1619126554.174028
1619126554.174045
1619126554.17406
1619126554.174076
1619126554.174092
1619126554.174108
1619126554.174124
1619126554.17414
1619126554.174156
1619126554.174172
1619126554.174188
1619126554.174204
1619126554.17422
1619126554.174236
1619126554.174252
1619126554.174268
1619126554.174283
1619126554.174299
1619126554.174315
1619126554.174331
1619126554.174347
1619126554.174363
1619126554.174379
1619126554.174395
1619126554.174411
1619126554.174427
1619126554.174443
1619126554.174459
1619126554.174476
1619126554.174491
1619126554.174508
1619126554.174523
1619126554.174539
1619126554.174555
1619126554.174572
1619126554.174587
1619126554.174605
1619126554.174622
1619126554.174637
1619126554.174654
1619126554.17467
1619126554.174685
1619126554.174701
1619126554.174718
1619126554.174734
1619126554.17475
1619126554.174769
1619126554.174785
1619126554.174801
1619126554.174817
1619126554.174833
1619126554.174849
1619126554.174865
1619126554.174881
1619126554.174897
1619126554.174913
1619126554.174929
1619126554.174945
1619126554.174961
1619126554.174977
1619126554.174993
1619126554.175009
1619126554.175025
1619126554.175041
1619126554.175058
1619126554.175096
1619126554.175122
1619126554.175139
1619126554.175156
1619126554.175172
1619126554.175188
1619126554.175204
1619126554.17522
1619126554.175236
1619126554.175253
1619126554.175269
1619126554.175284
1619126554.1753
1619126554.175316
1619126554.175331
1619126554.175347
1619126554.175363
1619126554.175379
1619126554.175395
1619126554.17541
1619126554.175426
1619126554.175441
1619126554.17546
1619126554.175476
1619126554.175492
1619126554.175509
1619126554.175561
1619126554.175583
1619126554.175599
1619126554.175615
1619126554.175631
1619126554.175647
1619126554.175663
1619126554.175679
1619126554.175695
1619126554.175711
1619126554.175727
1619126554.175743
1619126554.175763
1619126554.175779
1619126554.175795
1619126554.175811
1619126554.175827
1619126554.175843
1619126554.175859
1619126554.175875
1619126554.17589
1619126554.175906
1619126554.175922
1619126554.175938
1619126554.175954
1619126554.175969
1619126554.175985
1619126554.176001
1619126554.176017
1619126554.176033
1619126554.176049
1619126554.176064
1619126554.17608
1619126554.176096
1619126554.176111
1619126554.176127
1619126554.176143
1619126554.176159
1619126554.176174
1619126554.17619
1619126554.176207
1619126554.176223
1619126554.176238
1619126554.176254
1619126554.17627
1619126554.176286
1619126554.176302
1619126554.176318
1619126554.176333
1619126554.176349
1619126554.176365
1619126554.176381
1619126554.176397
1619126554.176413
1619126554.176428
1619126554.176444
1619126554.17646
1619126554.176476
1619126554.176492
1619126554.176508
1619126554.17656
1619126554.176578
1619126554.176594
1619126554.17661
1619126554.176626
1619126554.176641
1619126554.176657
1619126554.176673
1619126554.176691
1619126554.176711
1619126554.176742
1619126554.17677
1619126554.176787
1619126554.176803
1619126554.176819
1619126554.176834
1619126554.176851
1619126554.176866
1619126554.176882
1619126554.176898
1619126554.176914
1619126554.17693
1619126554.176946
1619126554.176962
1619126554.176977
1619126554.176993
1619126554.177009
1619126554.177024
1619126554.17704
1619126554.177056
1619126554.177072
1619126554.177087
1619126554.177103
1619126554.177119
1619126554.177135
1619126554.177152
1619126554.177177
1619126554.1772
1619126554.177223
1619126554.177246
1619126554.177268
1619126554.17729
1619126554.177314
1619126554.177335
1619126554.177351
1619126554.177367
1619126554.177383
1619126554.1774
1619126554.177416
1619126554.177432
1619126554.177447
1619126554.177464
1619126554.177479
1619126554.177494
1619126554.17751
1619126554.177526
1619126554.177542
1619126554.177558
1619126554.177574
1619126554.177589
1619126554.177605
1619126554.177621
1619126554.177637
1619126554.177653
1619126554.177668
1619126554.177687
1619126554.177703
1619126554.177719
1619126554.177735
1619126554.177751
1619126554.177767
1619126554.177783
1619126554.177799
1619126554.177814
1619126554.177831
1619126554.177854
1619126554.177871
1619126554.177887
1619126554.177903
1619126554.177919
1619126554.177934
1619126554.17795
1619126554.177965
1619126554.177981
1619126554.177997
1619126554.178013
1619126554.178029
1619126554.178044
1619126554.178061
1619126554.178077
1619126554.178093
1619126554.178117
1619126554.178133
1619126554.178149
1619126554.178165
1619126554.178181
1619126554.178197
1619126554.178213
1619126554.178228
1619126554.178244
1619126554.17826
1619126554.178276
1619126554.178292
1619126554.178308
1619126554.178323
1619126554.178339
1619126554.178356
1619126554.17838
1619126554.178397
1619126554.178413
1619126554.178429
1619126554.178444
1619126554.17846
1619126554.178476
1619126554.178492
1619126554.178508
1619126554.178524
1619126554.178539
1619126554.178555
1619126554.178571
1619126554.178586
1619126554.178601
1619126554.178625
1619126554.178644
1619126554.17866
1619126554.178676
1619126554.178691
1619126554.178707
1619126554.178723
1619126554.178739
1619126554.178755
1619126554.178771
1619126554.178786
1619126554.178802
1619126554.178818
1619126554.178834
1619126554.17885
1619126554.178866
1619126554.178888
1619126554.178911
1619126554.178945
1619126554.178973
1619126554.179001
1619126554.179027
1619126554.179046
1619126554.179061
1619126554.179077
1619126554.179093
1619126554.179109
1619126554.179125
1619126554.179145
1619126554.179165
1619126554.179181
1619126554.179197
1619126554.179213
1619126554.179229
1619126554.179245
1619126554.179261
1619126554.179276
1619126554.179292
1619126554.179307
1619126554.179324
1619126554.179339
1619126554.179355
1619126554.179371
1619126554.179387
1619126554.179408
1619126554.179428
1619126554.179444
1619126554.17946
1619126554.179475
1619126554.179491
1619126554.179507
1619126554.179523
1619126554.179538
1619126554.179554
1619126554.17957
1619126554.179586
1619126554.179602
1619126554.179621
1619126554.179637
1619126554.179653
1619126554.179677
1619126554.179694
1619126554.17971
1619126554.179753
1619126554.179769
1619126554.179785
1619126554.179801
1619126554.179817
1619126554.179833
1619126554.179848
1619126554.179864
1619126554.17988
1619126554.179895
1619126554.179911
1619126554.179932
1619126554.179951
1619126554.179967
1619126554.179983
1619126554.179999
1619126554.180015
1619126554.180031
1619126554.180047
1619126554.180063
1619126554.180079
1619126554.180095
1619126554.180111
1619126554.180126
1619126554.180142
1619126554.180158
1619126554.180174
1619126554.180196
1619126554.180218
1619126554.180259
1619126554.1803
1619126554.180318
1619126554.180334
1619126554.18035
1619126554.180368
1619126554.180385
1619126554.180401
1619126554.180416
1619126554.180432
1619126554.180448
1619126554.180464
1619126554.180495
1619126554.18053
1619126554.180549
1619126554.180566
1619126554.180598
1619126554.180624
1619126554.180641
1619126554.180658
1619126554.180674
1619126554.180693
1619126554.180708
1619126554.180756
1619126554.180772
1619126554.180788
1619126554.180804
1619126554.18082
1619126554.180836
1619126554.180852
1619126554.180868
1619126554.180896
1619126554.180941
1619126554.180968
1619126554.180985
1619126554.181002
1619126554.181018
1619126554.181034
1619126554.18105
1619126554.181066
1619126554.181082
1619126554.181098
1619126554.181114
1619126554.181129
1619126554.181145
1619126554.181162
1619126554.181177
1619126554.181194
1619126554.18121
1619126554.181225
1619126554.181241
1619126554.181257
1619126554.181273
1619126554.181289
1619126554.181305
1619126554.181321
1619126554.181337
1619126554.181353
1619126554.181368
1619126554.181384
1619126554.1814
1619126554.181416
1619126554.181432
1619126554.181448
1619126554.181465
1619126554.181481
1619126554.181496
1619126554.181512
1619126554.181528
1619126554.181543
1619126554.18156
1619126554.181576
1619126554.181592
1619126554.181608
1619126554.181623
1619126554.181639
1619126554.181655
1619126554.18167
1619126554.18169
1619126554.181705
1619126554.181721
1619126554.181737
1619126554.181753
1619126554.181769
1619126554.181785
1619126554.1818
1619126554.181816
1619126554.181832
1619126554.181848
1619126554.181864
1619126554.18188
1619126554.181896
1619126554.181912
1619126554.181928
1619126554.181944
1619126554.181959
1619126554.181975
1619126554.181991
1619126554.182006
1619126554.182022
1619126554.182037
1619126554.182053
1619126554.182069
1619126554.182085
1619126554.182101
1619126554.182148
1619126554.182172
1619126554.182189
1619126554.182206
1619126554.182222
1619126554.182238
1619126554.182254
1619126554.18227
1619126554.182286
1619126554.182302
1619126554.182318
1619126554.182335
1619126554.18235
1619126554.182366
